granule           cloud%  cirr%   dil% water% usable%   nvalid NDVImed       NDVIiqr negNDVI% meanUnc  flags
India_crop          27.2   62.5   99.9    0.0    100%    40000   +0.02 [+0.02,+0.04]     0.0  0.0050  
Africa_veg           6.6    0.1   44.9   10.0    100%    40000   +0.57 [+0.41,+0.74]     0.1  0.0095  
NAmerica_arid       53.2   60.2   86.5    0.0    100%    40000   +0.00 [-0.01,+0.04]    43.2  0.0086  NEG43
amazon               0.9    0.0    5.6    0.4    100%    40000   +0.89 [+0.88,+0.89]     0.1  0.0146  
arabian              0.0    0.0    0.3    0.0    100%    40000   +0.08 [+0.08,+0.08]     0.0  0.0150  
australia_mulga      0.0    0.0    0.2    0.0    100%    40000   +0.38 [+0.32,+0.44]     0.0  0.0063  
borneo              11.4    0.0   57.6   12.7    100%    40000   +0.90 [+0.81,+0.91]     0.2  0.0116  
cerrado_br           0.0    0.0    0.5    0.0    100%    40000   +0.63 [+0.55,+0.71]     0.0  0.0081  
congo                6.0    0.0   25.4    5.0    100%    40000   +0.09 [+0.06,+0.12]     0.2  0.0060  
e_africa_sav         0.1    0.0    3.2    0.0    100%    40000   +0.26 [+0.23,+0.31]     0.3  0.0057  
pampas_ar            0.0    0.0    0.8    0.3    100%    40000   +0.51 [+0.42,+0.61]     0.0  0.0066  
sahara               0.0    0.0    0.1    0.0    100%    40000   +0.09 [+0.08,+0.10]     0.0  0.0084  
sahel                0.0    0.0    7.0    0.0    100%    40000   +0.24 [+0.18,+0.32]     0.2  0.0173  
sumatra             10.4    0.0   51.0    2.4    100%    40000   -0.08 [-0.12,-0.01]    77.5  0.0121  NEG77
us_midwest           0.0    0.0    2.2    0.1    100%    40000   +0.26 [+0.21,+0.31]     0.2  0.0072  

==== ISSUES TO DECIDE ====
  NAmerica_arid: ['NEG43'] (NDVI=+0.00)
  sumatra: ['NEG77'] (NDVI=-0.08)

usable granules: 15
